  Data from simulation of Jupiter mass planet migration
  Thoudand Orbits, Error(EJ), a, e
   5.029296      1.9962337E-05  0.9999187      1.4814768E-03
   5.092958      1.9729739E-05  0.9998934      4.2390409E-03
   5.156620      1.9305929E-05  0.9996589      6.3024922E-03
   5.220283      1.8753022E-05  0.9991127      7.6198168E-03
   5.283944      1.8137934E-05  0.9984346      8.1304815E-03
   5.347606      1.7542012E-05  0.9977553      7.6960213E-03
   5.411268      1.7053620E-05  0.9968798      6.6072945E-03
   5.474930      1.6729222E-05  0.9960330      5.5120350E-03
   5.538592      1.6593300E-05  0.9952655      5.1327143E-03
   5.602254      1.6641408E-05  0.9945305      5.8444934E-03
   5.665916      1.6853582E-05  0.9937415      7.1553839E-03
   5.729578      1.7181743E-05  0.9930028      8.2506947E-03
   5.793240      1.7559474E-05  0.9924043      8.8173142E-03
   5.856902      1.7910699E-05  0.9918433      9.0039503E-03
   5.920564      1.8156743E-05  0.9913858      8.9727165E-03
   5.984226      1.8244593E-05  0.9911135      8.9887921E-03
   6.047888      1.8166231E-05  0.9908530      9.4351107E-03
   6.111550      1.7946919E-05  0.9905542      1.0281206E-02
   6.175212      1.7619988E-05  0.9902371      1.1243448E-02
   6.238873      1.7219709E-05  0.9898273      1.2070915E-02
   6.302536      1.6787604E-05  0.9892957      1.2634777E-02
   6.366198      1.6387783E-05  0.9885556      1.3044718E-02
   6.429860      1.6091193E-05  0.9877645      1.3368200E-02
   6.493522      1.5954543E-05  0.9869136      1.3797581E-02
   6.557184      1.5981857E-05  0.9860889      1.4422454E-02
   6.620846      1.6131269E-05  0.9852353      1.5288006E-02
   6.684508      1.6342890E-05  0.9844934      1.6121637E-02
   6.748169      1.6582808E-05  0.9838245      1.6838351E-02
   6.811832      1.6837772E-05  0.9832117      1.7395126E-02
   6.875494      1.7079275E-05  0.9826653      1.7819861E-02
   6.939156      1.7242679E-05  0.9822108      1.8190719E-02
   7.002818      1.7264361E-05  0.9817815      1.8661436E-02
   7.066480      1.7131116E-05  0.9813455      1.9276695E-02
   7.130142      1.6900687E-05  0.9809157      1.9964252E-02
   7.193803      1.6658070E-05  0.9805399      2.0574993E-02
   7.257465      1.6450312E-05  0.9800478      2.1202059E-02
   7.321128      1.6258380E-05  0.9793829      2.1875003E-02
   7.384789      1.6054995E-05  0.9784412      2.2733143E-02
   7.448452      1.5865747E-05  0.9773656      2.3697734E-02
   7.512113      1.5769028E-05  0.9762480      2.4740497E-02
   7.575776      1.5822128E-05  0.9751866      2.5778348E-02
   7.639438      1.5987925E-05  0.9743208      2.6656600E-02
   7.703099      1.6158583E-05  0.9737239      2.7268585E-02
   7.766761      1.6264121E-05  0.9732944      2.7697554E-02
   7.830423      1.6335105E-05  0.9729580      2.8010931E-02
   7.894085      1.6457276E-05  0.9727738      2.8167879E-02
   7.957747      1.6670148E-05  0.9725796      2.8362462E-02
   8.021409      1.6899676E-05  0.9722090      2.8778233E-02
   8.085072      1.7021446E-05  0.9716486      2.9431883E-02
   8.148733      1.7000004E-05  0.9710590      3.0135885E-02
   8.212396      1.6938325E-05  0.9704022      3.0903002E-02
   8.276057      1.6964126E-05  0.9697781      3.1606488E-02
   8.339719      1.7082324E-05  0.9692438      3.2188047E-02
   8.403381      1.7155564E-05  0.9687732      3.2677256E-02
   8.467043      1.7048825E-05  0.9684162      3.3040274E-02
   8.530705      1.6801647E-05  0.9679989      3.3460602E-02
   8.594367      1.6605494E-05  0.9675596      3.3909511E-02
   8.658029      1.6620934E-05  0.9670570      3.4424119E-02
   8.721691      1.6813092E-05  0.9665494      3.4940828E-02
   8.785353      1.7004056E-05  0.9660369      3.5453301E-02
   8.849015      1.7084907E-05  0.9657781      3.5695966E-02
   8.912677      1.7174598E-05  0.9656573      3.5796318E-02
   8.976338      1.7494965E-05  0.9656495      3.5789456E-02
   9.040001      1.8102209E-05  0.9656125      3.5832975E-02
   9.103663      1.8767843E-05  0.9655554      3.5925824E-02
   9.167325      1.9177792E-05  0.9652424      3.6304999E-02
   9.230987      1.9236837E-05  0.9646688      3.6963027E-02
   9.294649      1.9154575E-05  0.9639016      3.7820816E-02
   9.358311      1.9199693E-05  0.9630024      3.8801443E-02
   9.421973      1.9372170E-05  0.9621490      3.9725225E-02
   9.485635      1.9385732E-05  0.9613866      4.0546764E-02
   9.549297      1.8995122E-05  0.9608367      4.1148171E-02
   9.612959      1.8329903E-05  0.9603600      4.1676115E-02
   9.676620      1.7832635E-05  0.9598937      4.2194739E-02
   9.740283      1.7832431E-05  0.9592948      4.2855199E-02
   9.803945      1.8210548E-05  0.9585827      4.3635018E-02
   9.867607      1.8549986E-05  0.9577108      4.4581112E-02
   9.931269      1.8624783E-05  0.9567585      4.5607630E-02
   9.994930      1.8673925E-05  0.9559371      4.6497703E-02
   10.05859      1.9135119E-05  0.9553326      4.7160845E-02
   10.12225      1.7844604E-05  0.9550205      4.7517329E-02
   10.18592      1.7105520E-05  0.9548166      4.7760531E-02
   10.24958      1.7141722E-05  0.9546480      4.7968987E-02
   10.31324      1.7106530E-05  0.9543727      4.8291065E-02
   10.37690      1.7053162E-05  0.9538376      4.8882715E-02
   10.44057      1.7042611E-05  0.9530022      4.9786281E-02
   10.50423      1.7076719E-05  0.9520687      5.0790571E-02
   10.56789      1.7097587E-05  0.9512348      5.1690295E-02
   10.63155      1.7057910E-05  0.9505985      5.2381333E-02
   10.69521      1.7837860E-05  0.9503309      5.2687131E-02
   10.75887      1.9569756E-05  0.9502851      5.2762032E-02
   10.82254      1.6027781E-05  0.9503057      5.2771658E-02
   10.88620      1.6154086E-05  0.9501333      5.2991442E-02
   10.94986      1.6240028E-05  0.9496850      5.3507697E-02
   11.01352      1.6238121E-05  0.9488166      5.4466050E-02
   11.07718      1.6201254E-05  0.9475785      5.5812895E-02
   11.14085      1.6222544E-05  0.9463318      5.7172462E-02
   11.20451      1.6325116E-05  0.9452901      5.8319025E-02
   11.26817      1.6425370E-05  0.9446349      5.9060548E-02
   11.33183      1.6419958E-05  0.9442720      5.9497170E-02
   11.39549      1.6304875E-05  0.9441209      5.9719339E-02
   11.45916      1.6192303E-05  0.9438901      6.0037725E-02
   11.52282      1.6196173E-05  0.9433670      6.0674731E-02
   11.58648      1.6308378E-05  0.9423983      6.1779533E-02
   11.65014      1.6405187E-05  0.9410259      6.3302882E-02
   11.71380      1.6385493E-05  0.9395059      6.4975597E-02
   11.77747      1.6290718E-05  0.9381770      6.6440299E-02
   11.84113      1.5265557E-05  0.9373553      6.7360312E-02
   11.90479      1.5393576E-05  0.9370392      6.7737788E-02
   11.96845      1.5589776E-05  0.9370121      6.7803286E-02
   12.03211      1.5678070E-05  0.9369310      6.7931987E-02
   12.09578      1.5580715E-05  0.9367074      6.8230547E-02
   12.15944      1.5412365E-05  0.9360132      6.9044039E-02
   12.22310      1.5361984E-05  0.9346546      7.0570134E-02
   12.28676      1.5485493E-05  0.9328541      7.2573885E-02
   12.35042      1.5640667E-05  0.9310699      7.4568085E-02
   12.41409      1.5645867E-05  0.9296466      7.6179646E-02
   12.47775      1.5492437E-05  0.9288327      7.7140309E-02
   12.54141      1.5370505E-05  0.9285994      7.7477209E-02
   12.60507      1.5465210E-05  0.9284972      7.7675924E-02
   12.66873      1.5740010E-05  0.9281381      7.8171372E-02
   12.73240      1.5956721E-05  0.9275119      7.8973979E-02
   12.79606      1.5926761E-05  0.9261246      8.0589883E-02
   12.85972      1.5717413E-05  0.9239188      8.3078228E-02
   12.92338      1.5583058E-05  0.9214284      8.5881636E-02
   12.98704      1.5685736E-05  0.9192040      8.8412233E-02
   13.05071      1.5907631E-05  0.9176930      9.0185881E-02
   13.11437      1.5973788E-05  0.9167268      9.1381736E-02
   13.17803      1.4761973E-05  0.9163170      9.1983281E-02
   13.24169      1.4457511E-05  0.9159753      9.2527457E-02
   13.30535      1.4367882E-05  0.9155037      9.3253627E-02
   13.36902      1.4592265E-05  0.9148013      9.4245896E-02
   13.43268      1.4908466E-05  0.9133192      9.6056938E-02
   13.49634      1.4008824E-05  0.9111364      9.8596849E-02
   13.56000      1.4839994E-05  0.9084237      0.1016889    
   13.62366      1.5667679E-05  0.9059129      0.1045440    
   13.68733      1.5781132E-05  0.9041628      0.1065598    
   13.75099      1.5157052E-05  0.9033838      0.1075087    
   13.81465      1.4459261E-05  0.9032373      0.1077755    
   13.87831      1.4388011E-05  0.9031987      0.1079669    
   13.94197      1.4006631E-05  0.9029995      0.1084254    
   14.00564      1.4686080E-05  0.9024664      0.1093344    
   14.06930      1.4715319E-05  0.9011189      0.1111468    
   14.13296      1.4996638E-05  0.8988733      0.1139040    
   14.19662      1.4163454E-05  0.8964802      0.1167676    
   14.26028      1.3996295E-05  0.8946763      0.1189206    
   14.32395      1.3680282E-05  0.8936349      0.1201648    
   14.38761      1.3613448E-05  0.8929802      0.1209180    
   14.45127      1.3968262E-05  0.8928697      0.1210140    
   14.51493      1.3483613E-05  0.8930954      0.1207105    
   14.57859      1.3724460E-05  0.8934638      0.1202858    
   14.64226      1.3537082E-05  0.8935391      0.1202774    
   14.70592      1.3203967E-05  0.8928071      0.1212709    
   14.76958      1.4132660E-05  0.8909992      0.1235296    
   14.83324      1.4411699E-05  0.8886097      0.1264721    
   14.89690      1.4718881E-05  0.8858373      0.1298375    
   14.96057      1.4681861E-05  0.8833281      0.1328968    
   15.02423      1.4294221E-05  0.8818206      0.1348238    
   15.08789      1.2941609E-05  0.8815797      0.1353147    
   15.15155      1.2995791E-05  0.8819587      0.1351004    
   15.21521      1.2418562E-05  0.8826401      0.1345382    
   15.27888      1.2806042E-05  0.8830932      0.1342096    
   15.34254      1.2819397E-05  0.8827885      0.1347046    
   15.40620      1.2539269E-05  0.8812879      0.1365123    
   15.46986      1.2368911E-05  0.8774840      0.1408419    
   15.53352      1.2571387E-05  0.8736860      0.1451829    
   15.59719      1.2977875E-05  0.8708226      0.1485643    
   15.66085      1.2165381E-05  0.8693985      0.1504606    
   15.72451      1.2915200E-05  0.8689650      0.1513678    
   15.78817      1.2455568E-05  0.8692485      0.1515510    
   15.85183      1.2229304E-05  0.8697707      0.1515007    
   15.91549      1.2438132E-05  0.8707204      0.1509117    
   15.97916      1.2851081E-05  0.8706048      0.1513736    
   16.04282      1.1074063E-05  0.8686348      0.1537109    
   16.10648      1.1972526E-05  0.8647416      0.1580551    
   16.17014      1.1793811E-05  0.8622646      0.1607563    
   16.23380      1.1884847E-05  0.8608018      0.1623511    
   16.29747      1.1281995E-05  0.8600565      0.1632053    
   16.36113      1.1649781E-05  0.8599462      0.1634329    
   16.42479      1.2631703E-05  0.8605092      0.1629916    
   16.48845      1.2231486E-05  0.8613763      0.1622942    
   16.55211      1.1815840E-05  0.8623140      0.1615820    
   16.61578      1.1742771E-05  0.8625687      0.1616186    
   16.67944      1.2015843E-05  0.8596912      0.1650641    
   16.74310      1.2301150E-05  0.8557727      0.1696892    
   16.80676      1.2309883E-05  0.8527659      0.1734592    
   16.87042      1.2124553E-05  0.8510592      0.1758891    
   16.93409      1.2081404E-05  0.8503698      0.1772152    
   16.99775      1.2386724E-05  0.8500955      0.1780192    
   17.06141      1.2870235E-05  0.8499178      0.1786069    
   17.12507      1.3143811E-05  0.8503349      0.1783845    
   17.18873      1.3004987E-05  0.8504301      0.1783602    
   17.25240      1.2643976E-05  0.8473274      0.1818250    
   17.31606      1.2422576E-05  0.8450220      0.1843262    
   17.37972      1.2509356E-05  0.8434514      0.1862046    
   17.44338      1.2725228E-05  0.8423774      0.1878628    
   17.50704      1.2768067E-05  0.8412125      0.1898906    
   17.57071      1.2563469E-05  0.8398063      0.1923118    
   17.63437      1.2359511E-05  0.8384536      0.1946392    
   17.69803      1.2463692E-05  0.8370706      0.1968433    
   17.76169      1.2899972E-05  0.8354441      0.1991189    
   17.82535      1.3355922E-05  0.8338785      0.2011282    
   17.88902      1.3487847E-05  0.8329132      0.2022976    
   17.95268      1.3260043E-05  0.8322916      0.2030108    
   18.01634      1.2960723E-05  0.8313334      0.2041654    
   18.08000      1.2889251E-05  0.8300450      0.2058752    
   18.14366      1.3054609E-05  0.8286339      0.2079821    
   18.20733      1.3200296E-05  0.8272568      0.2102499    
   18.27099      1.3119394E-05  0.8255566      0.2129469    
   18.33465      1.2902720E-05  0.8237317      0.2157422    
   18.39831      1.2856332E-05  0.8221573      0.2181410    
   18.46197      1.3173000E-05  0.8209804      0.2199312    
   18.52564      1.3699905E-05  0.8200971      0.2212257    
   18.58930      1.4060747E-05  0.8194031      0.2221751    
   18.65296      1.4018283E-05  0.8187304      0.2230435    
   18.71662      1.3694356E-05  0.8179471      0.2240762    
   18.78028      1.3426499E-05  0.8169076      0.2255517    
   18.84395      1.3420012E-05  0.8156766      0.2274771    
   18.90761      1.3559080E-05  0.8144241      0.2296360    
   18.97127      1.3576413E-05  0.8131195      0.2319332    
   19.03493      1.3386807E-05  0.8115143      0.2345049    
   19.09859      1.3210211E-05  0.8098074      0.2370413    
   19.16226      1.3353658E-05  0.8084801      0.2389556    
   19.22592      1.3871311E-05  0.8075841      0.2401950    
   19.28958      1.4459221E-05  0.8070142      0.2409193    
   19.35324      1.4724488E-05  0.8066750      0.2413163    
   19.41690      1.4558129E-05  0.8063593      0.2417211    
   19.48057      1.4220878E-05  0.8057873      0.2425667    
   19.54423      1.4063618E-05  0.8049048      0.2440163    
   19.60789      1.4172356E-05  0.8037635      0.2460282    
   19.67155      1.4308728E-05  0.8022403      0.2486737    
   19.73521      1.4211712E-05  0.8006424      0.2514556    
   19.79888      1.3927546E-05  0.7989306      0.2542598    
   19.86254      1.3795664E-05  0.7970645      0.2570392    
   19.92620      1.4092877E-05  0.7955639      0.2591549    
   19.98986      1.4705636E-05  0.7946686      0.2603551    
   20.05352      1.5193372E-05  0.7942309      0.2608862    
   20.11719      1.5208984E-05  0.7940789      0.2610369    
   20.18085      1.4840096E-05  0.7938469      0.2613521    
   20.24451      1.4509130E-05  0.7933587      0.2621603    
   20.30817      1.4535677E-05  0.7927302      0.2633958    
   20.37183      1.4817579E-05  0.7917211      0.2653151    
   20.43550      1.4974450E-05  0.7902617      0.2678944    
   20.49916      1.4805069E-05  0.7884193      0.2709207    
   20.56282      1.4544114E-05  0.7864325      0.2739946    
   20.62648      1.4623452E-05  0.7845212      0.2767686    
   20.69014      1.5177598E-05  0.7829084      0.2789913    
   20.75381      1.5834445E-05  0.7818499      0.2804567    
   20.81747      1.6056705E-05  0.7813205      0.2813038    
   20.88113      1.5691450E-05  0.7809253      0.2820913    
   20.94479      1.5135610E-05  0.7805162      0.2830370    
   21.00845      1.4932711E-05  0.7797491      0.2845897    
   21.07211      1.5216711E-05  0.7785698      0.2868399    
   21.13578      1.5601011E-05  0.7772314      0.2893980    
   21.19944      1.5636746E-05  0.7756343      0.2922373    
   21.26310      1.5329190E-05  0.7735894      0.2955097    
   21.32676      1.5143193E-05  0.7714646      0.2987062    
   21.39042      1.5476740E-05  0.7695289      0.3014688    
   21.45409      1.6171148E-05  0.7678245      0.3037883    
   21.51775      1.6624488E-05  0.7664710      0.3056419    
   21.58141      1.6418373E-05  0.7655081      0.3071512    
   21.64507      1.5782013E-05  0.7649047      0.3084798    
   21.70873      1.5383010E-05  0.7642369      0.3101932    
   21.77240      1.5640666E-05  0.7633302      0.3124686    
   21.83606      1.6292826E-05  0.7618040      0.3156786    
   21.89972      1.6692698E-05  0.7600079      0.3192576    
   21.96338      1.6511434E-05  0.7580814      0.3228787    
   22.02704      1.6080952E-05  0.7557272      0.3267661    
   22.09071      1.6008889E-05  0.7531873      0.3305914    
   22.15437      1.6478109E-05  0.7507422      0.3340948    
   22.21803      1.7013760E-05  0.7482682      0.3375923    
   22.28169      1.7001861E-05  0.7461235      0.3408143    
   22.34535      1.6388841E-05  0.7447163      0.3433500    
   22.40902      1.5796167E-05  0.7438216      0.3454938    
   22.47268      1.5902637E-05  0.7432054      0.3473970    
   22.53634      1.6713854E-05  0.7425050      0.3493058    
   22.60000      1.7531500E-05  0.7415282      0.3513383    
   22.66366      1.7674605E-05  0.7400250      0.3538382    
   22.72733      1.7158556E-05  0.7383240      0.3565931    
   22.79099      1.6644574E-05  0.7370008      0.3591453    
   22.85465      1.6715903E-05  0.7354946      0.3622553    
   22.91831      1.7240339E-05  0.7335399      0.3661355    
   22.98197      1.7561557E-05  0.7312664      0.3704567    
   23.04564      1.7277271E-05  0.7288302      0.3748605    
   23.10930      1.6722103E-05  0.7263580      0.3790815    
   23.17296      1.6642727E-05  0.7239670      0.3829868    
   23.23662      1.7361691E-05  0.7218760      0.3864191    
   23.30029      1.8349788E-05  0.7202791      0.3892662    
   23.36395      1.8736269E-05  0.7189325      0.3919593    
   23.42761      1.8188021E-05  0.7181320      0.3941298    
   23.49127      1.7251154E-05  0.7173061      0.3964926    
   23.55493      1.6810138E-05  0.7161291      0.3994135    
   23.61860      1.7185466E-05  0.7144672      0.4030645    
   23.68225      1.7862929E-05  0.7130796      0.4065624    
   23.74592      1.8136759E-05  0.7122782      0.4093464    
   23.80958      1.7876930E-05  0.7108310      0.4126338    
   23.87324      1.7633098E-05  0.7087998      0.4160312    
   23.93690      1.7978877E-05  0.7065235      0.4191388    
   24.00056      1.8784932E-05  0.7044621      0.4216930    
   24.06423      1.9307739E-05  0.7024489      0.4244133    
   24.12789      1.8989695E-05  0.7002726      0.4280504    
   24.19155      1.8077117E-05  0.6978376      0.4329835    
   24.25521      1.7437400E-05  0.6954594      0.4386738    
   24.31887      1.7699489E-05  0.6935449      0.4442003    
   24.38254      1.8612851E-05  0.6920985      0.4489900    
   24.44620      1.9349970E-05  0.6912698      0.4521917    
   24.50986      1.9352461E-05  0.6904018      0.4543554    
   24.57352      1.8832712E-05  0.6891688      0.4561235    
   24.63718      1.8480091E-05  0.6878539      0.4576791    
   24.70085      1.8675087E-05  0.6863821      0.4598220    
   24.76451      1.9105880E-05  0.6850421      0.4627555    
   24.82817      1.9212045E-05  0.6841252      0.4660764    
   24.89183      1.8868937E-05  0.6831091      0.4697233    
   24.95549      1.8556016E-05  0.6818069      0.4730603    
   25.01916      1.8832817E-05  0.6804153      0.4753782    
   25.08282      1.9664678E-05  0.6789489      0.4768109    
   25.14648      2.0388771E-05  0.6772677      0.4781745    
   25.21014      2.0380453E-05  0.6751221      0.4807214    
   25.27381      1.9691623E-05  0.6730451      0.4845000    
   25.33747      1.9018808E-05  0.6716837      0.4888220    
   25.40113      1.9022578E-05  0.6704637      0.4940067    
   25.46479      1.9684774E-05  0.6688840      0.4997158    
   25.52845      2.0380714E-05  0.6672785      0.5045744    
   25.59212      2.0548253E-05  0.6659667      0.5077613    
   25.65578      2.0215998E-05  0.6642948      0.5102784    
   25.71944      1.9873567E-05  0.6622256      0.5129596    
   25.78310      1.9899507E-05  0.6599368      0.5167043    
   25.84676      2.0176444E-05  0.6576938      0.5220779    
   25.91043      2.0309944E-05  0.6555471      0.5291618    
   25.97409      2.0156732E-05  0.6539624      0.5362558    
   26.03775      2.0018296E-05  0.6525130      0.5420418    
   26.10141      2.0286620E-05  0.6505629      0.5457701    
   26.16507      2.0942099E-05  0.6484835      0.5470200    
   26.22873      2.1480636E-05  0.6466307      0.5470154    
   26.29240      2.1401375E-05  0.6449049      0.5482880    
   26.35606      2.0759825E-05  0.6426291      0.5535706    
   26.41972      2.0157504E-05  0.6394877      0.5634550    
   26.48338      2.0180554E-05  0.6369818      0.5739595    
   26.54704      2.0846013E-05  0.6352878      0.5824599    
   26.61071      2.1590541E-05  0.6341900      0.5871535    
   26.67437      2.1832991E-05  0.6319489      0.5898600    
   26.73803      2.1511017E-05  0.6302855      0.5895792    
   26.80169      2.1070514E-05  0.6293789      0.5886996    
   26.86535      2.0981413E-05  0.6281739      0.5909335    
   26.92902      2.1286280E-05  0.6270280      0.5964021    
   26.99268      2.1626671E-05  0.6258515      0.6040632    
   27.05634      2.1698940E-05  0.6250228      0.6108855    
   27.12000      2.1580292E-05  0.6219198      0.6185688    
   27.18366      2.1565701E-05  0.6183189      0.6239760    
   27.24733      2.1786663E-05  0.6160933      0.6261391    
   27.31099      2.2044021E-05  0.6146467      0.6278609    
   27.37465      2.2039673E-05  0.6130913      0.6317495    
   27.43831      2.1782334E-05  0.6114230      0.6382226    
   27.50197      2.1644477E-05  0.6098964      0.6456605    
   27.56564      2.1969393E-05  0.6078696      0.6528153    
   27.62930      2.2640491E-05  0.6054746      0.6583480    
   27.69296      2.3097370E-05  0.6029469      0.6622781    
   27.75662      2.2874991E-05  0.6007239      0.6657308    
   27.82028      2.2143817E-05  0.5986177      0.6706539    
   27.88395      2.1609884E-05  0.5965202      0.6777737    
   27.94761      2.1860744E-05  0.5942516      0.6864327    
   28.01127      2.2770223E-05  0.5918077      0.6948417    